
Tall matrix test 

Random matrix A found to be 
 A = 
3.4	-1.1	2.8	
3	4.1	-3	
-1.6	2.7	-2.2	
0.54	-0.23	1.3	

 A is QR facturiced into 
 Q = 
0.7	-0.33	0.42	
0.62	0.72	-0.25	
-0.34	0.6	0.61	
0.11	-0.065	0.62	
R = 
4.8	0.86	1	
0	5	-4.6	
0	0	1.4	

Q^T Q = 
1	-0	0	
-0	1	-0	
0	-0	1	

QR = 
3.4	-1.1	2.8	
3	4.1	-3	
-1.6	2.7	-2.2	
0.54	-0.23	1.3	

square matrix test 

A =
4.2	1.4	2.2	
-3.6	1.1	-4.8	
-2.6	-3.6	3	
b = 
-1.4
0.13
4.5

Ax = b solution is
x=
-3.5
4.2
3.5

Ax found to be 
Ax =
-1.4
0.13
4.5

 Inverse of A found to be
 A⁻¹ = 
-2.2	-1.9	-1.4	
3.6	2.8	1.9	
2.5	1.8	1.5	

 A A⁻¹ found to be 
 A A⁻¹ = 
0.35	0.11	0.16	
4.8	3.8	2.8	
-0.9	-0.7	-0.32	
